19.0 18.0 1.470778940503e9
101.0 18.0 1.470779171923e9
638.0 34.0 1.37990327644e9
421.0 36.0 1.301592017133e9
7.0 36.0 1.50203839082e9
618.0 36.0 1.323266841983e9
52.0 36.0 1.303442143833e9
687.0 36.0 1.30376725728e9
618.0 36.0 1.312401458563e9
52.0 36.0 1.307552185583e9
52.0 36.0 1.311895669617e9
618.0 36.0 1.323791679987e9
687.0 36.0 1.315813228003e9
729.0 36.0 1.318703452733e9
838.0 18.0 1.321268815923e9
29.0 18.0 1.333457196783e9
767.0 18.0 1.38687415204e9
447.0 18.0 1.357531641133e9
676.0 36.0 1.35688232662e9
1051.0 36.0 1.356814746347e9
283.0 40.0 1.370516787873e9
717.0 40.0 1.4880152383e9
1005.0 34.0 1.375263351777e9
1051.0 40.0 1.376849264803e9
884.0 36.0 1.38264214852e9
729.0 36.0 1.38634238973e9
200.0 18.0 1.401024366007e9
729.0 36.0 1.406621415013e9
189.0 18.0 1.492088307643e9
1194.0 34.0 1.427185556133e9
1194.0 34.0 1.42316969232e9
200.0 34.0 1.47568112307e9
539.0 34.0 1.426541245117e9
1163.0 18.0 1.426800045427e9
1532.0 40.0 1.428028285603e9
1598.0 36.0 1.43570742932e9
1519.0 18.0 1.47080697277e9
781.0 18.0 1.44484739256e9
1662.0 36.0 1.445012236037e9
311.0 18.0 1.4920883018e9
1034.0 36.0 1.49208828509e9
1703.0 36.0 1.454723505167e9
729.0 36.0 1.49208830698e9
1739.0 34.0 1.465766497063e9
1753.0 34.0 1.567407799847e9
618.0 36.0 1.468344375317e9
1194.0 34.0 1.47005420837e9
1791.0 40.0 1.469973952013e9
1616.0 40.0 1.470427180223e9
1519.0 18.0 1.492088289403e9
1041.0 36.0 1.471297739333e9
1813.0 36.0 1.492088285607e9
1746.0 18.0 1.483144417823e9
283.0 40.0 1.479221735633e9
235.0 34.0 1.482710154637e9
1746.0 18.0 1.483470452193e9
1871.0 36.0 1.485009076793e9
7.0 36.0 1.486413367043e9
1871.0 36.0 1.492088293747e9
1886.0 40.0 1.488158098163e9
1703.0 36.0 1.49062958909e9
16.0 34.0 1.502161053447e9
852.0 18.0 1.502824515093e9
840.0 36.0 1.509500465967e9
230.0 36.0 1.515872331533e9
781.0 40.0 1.516829088217e9
184.0 36.0 1.524152939583e9
1766.0 36.0 1.53306740221e9
1194.0 34.0 1.534319452617e9
1753.0 40.0 1.535124164613e9
2215.0 34.0 1.545111249713e9
722.0 40.0 1.550074079317e9
2253.0 36.0 1.55438497632e9
1195.0 36.0 1.557067858313e9
2268.0 36.0 1.559665683953e9
2016.0 34.0 1.57042799446e9
