1.0 1.0 1.0 1.0 147
1.244678899082569 1.0000000000000058 1.048165137614679 0.9722955145118733 147
1.4322018348623855 1.0000000000000098 1.06651376146789 0.9617414248021109 147
1.608348623853211 1.0000000000000118 1.1811926605504588 0.895778364116095 147
1.7494495412844036 1.000000000000016 1.1857798165137614 0.8931398416886543 147
1.878440366972477 1.0000000000000087 1.3142201834862386 0.8192612137203166 147
1.9912844036697248 1.0000000000000187 1.3142201834862386 0.8192612137203166 147
2.104128440366973 1.0000000000000133 1.3142201834862386 0.8192612137203166 147
2.2169724770642203 1.0000000000000253 1.3142201834862386 0.8192612137203166 147
2.311238532110092 0.9999999999999899 1.4793577981651376 0.7242744063324538 147
2.403669724770642 1.0000000000000138 1.4793577981651376 0.7242744063324538 147
2.4961009174311926 1.0000000000000093 1.4793577981651376 0.7242744063324538 147
2.573211009174312 1.0000000000000284 1.688073394495413 0.604221635883905 147
2.6271100917431194 0.9999999999999728 2.139908256880734 0.34432717678100266 147
2.6512844036697247 1.0000000000000204 2.3256880733944953 0.23746701846965695 147
2.6745412844036696 0.9999999999999868 2.3256880733944953 0.23746701846965695 147
2.695963302752294 1.0000000000000422 2.463302752293578 0.158311345646438 147
2.7104587155963302 1.0000000000000175 2.4655963302752295 0.15699208443271767 147
2.7248623853211007 0.9999999999999823 2.4655963302752295 0.15699208443271767 147
2.7303669724770643 1.0000000000000393 2.697247706422018 0.023746701846965697 147
2.7321100917431194 1.0000000000000173 2.697247706422018 0.023746701846965697 147
2.7338532110091744 0.9999999999999721 2.697247706422018 0.023746701846965697 147
2.7354128440366976 1.0000000000000235 2.7041284403669725 0.01978891820580475 147
2.736834862385321 0.999999999999996 2.7041284403669725 0.01978891820580475 147
2.737706422018349 1.0000000000000546 2.717889908256881 0.011873350923482849 147
2.738532110091743 1.0 2.738532110091743 0.0 147
2.738532110091743 0.9999999999999452 2.738532110091743 0.0 147
2.738532110091743 1.0000000000000548 2.738532110091743 0.0 147
2.738532110091743 1.0000000000000389 2.738532110091743 0.0 147
2.738532110091743 0.9999999999999246 2.738532110091743 0.0 147
2.738532110091743 0.9999999999999734 2.738532110091743 0.0 147
2.738532110091743 0.9999999999999726 2.738532110091743 0.0 147
2.738532110091743 1.0000000000000837 2.738532110091743 0.0 147
2.738532110091743 1.000000000000067 2.738532110091743 0.0 147
2.738532110091743 1.0000000000000366 2.738532110091743 0.0 147
2.738532110091743 0.9999999999999741 2.738532110091743 0.0 147
2.738532110091743 0.9999999999999643 2.738532110091743 0.0 147
2.738532110091743 0.9999999999999276 2.738532110091743 0.0 147
2.738532110091743 1.0000000000000777 2.738532110091743 0.0 147
2.738532110091743 1.00000000000008 2.738532110091743 0.0 147
2.738532110091743 1.000000000000035 2.738532110091743 0.0 147
