25 25.0 0 0.0 0.015151515151515152 0.015151515151515152 66 66.0 1.0 0.0 580 25 25 25 0.0
25 25.0 0 0.0 0.014925373134328358 0.014925373134328356 67 67.0 1.0 0.0 580 25 25 25 0.0
25 25.0 0 0.0 0.014492753623188406 0.014492753623188406 69 69.0 1.0 0.0 580 25 25 25 0.0
25 25.0 0 0.0 0.029411764705882353 0.02941176470588235 68 68.0 1.0 0.0 580 25 25 25 0.0
25 25.0 0 0.0 0.02040816326530612 0.020408163265306117 49 49.0 1.0 0.0 580 25 25 25 0.0
25 25.0 0 0.0 0.08163265306122448 0.08163265306122447 49 49.0 1.0 0.0 580 25 25 25 0.0
25 25.0 0 1.44 0.02040816326530612 0.020408163265306117 49 49.0 0.8758620689655172 0.0 580 25 25 25 0.0
25 25.0 0 1.28 0.02127659574468085 0.02127659574468085 47 47.0 0.8896551724137931 0.0 580 25 25 25 0.0
25 25.0 0 1.28 0.023255813953488372 0.02325581395348837 43 43.0 0.8896551724137931 0.0 580 25 25 25 0.0
25 25.0 0 4.78 0.06818181818181818 0.058893280632411074 44 44.4 0.6189655172413793 0.0 580 25 25 25 0.0
25 25.0 0 34.74 0.021739130434782608 0.02337927321880246 46 48.38 0.0 0.0 580 25 25 25 0.0
25 25.0 0 42.18 0.021739130434782608 0.03162384331673912 46 47.02 0.0 0.0 580 25 25 25 0.0
25 25.0 99 61.26 0.020833333333333332 0.031977978821474295 48 49.02 0.0 0.0 580 25 25 25 0.0
25 25.0 44 68.44 0.023809523809523808 0.03431317518822885 42 46.26 0.0 0.0 580 25 25 25 0.0
25 25.0 41 82.38 0.02127659574468085 0.038252169425696675 47 48.62 0.0 0.0 580 25 25 25 0.0
25 25.0 92 91.8 0.019230769230769232 0.03912859470365007 52 47.42 0.0 0.0 580 25 25 25 0.0
25 25.0 47 91.2 0.022222222222222223 0.04351296103534146 45 45.88 0.0 0.0 580 25 25 25 0.0
25 25.0 101 113.7 0.0625 0.05171917464055208 48 47.24 0.0 0.0 580 25 25 25 0.0
25 25.0 245 165.9 0.14893617021276595 0.06769263164918182 47 46.38 0.0 0.0 580 25 25 25 0.0
25 25.0 239 220.6 0.16326530612244897 0.10420119467225417 49 45.2 0.0 0.0 580 25 25 25 0.0
25 25.0 388 303.32 0.2 0.14234883910123305 40 43.92 0.0 0.0 580 25 25 25 0.0
25 25.0 354 349.0 0.20930232558139536 0.175288757065368 43 43.34 0.0 0.0 580 25 25 25 0.0
25 25.0 409 393.02 0.13636363636363635 0.20737991568572542 44 42.8 0.0 0.0 580 25 25 25 0.0
25 25.0 505 478.82 0.25 0.23613307933493885 40 42.24 0.0 0.0 580 25 25 25 0.0
25 25.0 514 518.8 0.29411764705882354 0.26948341768792033 34 40.32 0.0 0.0 580 25 25 25 0.0
25 25.0 548 540.0 0.17073170731707318 0.2744143107760763 41 38.94 0.0 0.0 580 25 25 25 0.0
25 25.0 518 538.68 0.29411764705882354 0.29095058137197033 34 38.82 0.0 0.0 580 25 25 25 0.0
25 25.0 564 552.18 0.2777777777777778 0.2812156998971207 36 37.38 0.0 0.0 580 25 25 25 0.0
25 25.0 566 554.88 0.11428571428571428 0.2816440732707823 35 37.46 0.0 0.0 580 25 25 25 0.0
25 25.0 561 556.88 0.34285714285714286 0.28421300182288717 35 37.16 0.0 0.0 580 25 25 25 0.0
25 25.0 557 560.14 0.2631578947368421 0.2910083281026256 38 35.6 0.0 0.0 580 25 25 25 0.0
25 25.0 562 567.38 0.2222222222222222 0.2428590604777337 36 35.48 0.0 0.0 580 25 25 25 0.0
25 25.0 559 564.62 0.2777777777777778 0.2351267390998015 36 36.06 0.0 0.0 580 25 25 25 0.0
25 25.0 569 567.8 0.02857142857142857 0.20347664169512014 35 35.66 0.0 0.0 580 25 25 25 0.0
25 25.0 565 566.68 0.05263157894736842 0.14515168546746549 38 36.14 0.0 0.0 580 25 25 25 0.0
25 25.0 571 565.24 0.027777777777777776 0.12258734676599425 36 36.04 0.0 0.0 580 25 25 25 0.0
25 25.0 549 567.34 0.17142857142857143 0.16173033637522427 35 35.8 0.0 0.0 580 25 25 25 0.0
25 25.0 561 563.54 0.025 0.09581177313342115 40 35.9 0.0 0.0 580 25 25 25 0.0
25 25.0 566 562.66 0.02857142857142857 0.07923982868629827 35 36.1 0.0 0.0 580 25 25 25 0.0
25 25.0 567 565.6 0.024390243902439025 0.1029091960173802 41 36.46 0.0 0.0 580 25 25 25 0.0
25 25.0 569 569.06 0.09375 0.08258207442786607 32 36.72 0.0 0.0 580 25 25 25 0.0
25 25.0 568 564.74 0.027777777777777776 0.1097653445494135 36 36.68 0.0 0.0 580 25 25 25 0.0
25 25.0 567 562.32 0.02702702702702703 0.09842069162118343 37 35.7 0.0 0.0 580 25 25 25 0.0
25 25.0 563 565.54 0.08571428571428572 0.07096105730403003 35 37.06 0.0 0.0 580 25 25 25 0.0
25 25.0 569 566.38 0.02857142857142857 0.05888519155304237 35 36.28 0.0 0.0 580 25 25 25 0.0
25 25.0 558 562.92 0.07894736842105263 0.07019090834268603 38 36.46 0.0 0.0 580 25 25 25 0.0
25 25.0 565 565.28 0.05405405405405406 0.0921744986933849 37 35.82 0.0 0.0 580 25 25 25 0.0
25 25.0 570 565.78 0.35135135135135137 0.09086953114892939 37 36.1 0.0 0.0 580 25 25 25 0.0
25 25.0 569 568.6 0.058823529411764705 0.05895716121949345 34 36.48 0.0 0.0 580 25 25 25 0.0
25 25.0 555 567.38 0.20588235294117646 0.08181133240540117 34 36.42 0.0 0.0 580 25 25 25 0.0
25 25.0 567 569.14 0.02702702702702703 0.05819818551376733 37 36.46 0.0 0.0 580 25 25 25 0.0
