15 15.0 0 0.0 0.004975124378109453 0.004975124378109453 201 201.0 1.0 0.0 1234 15 15 15 0.0
15 15.0 0 0.0 0.005714285714285714 0.005714285714285714 175 175.0 1.0 0.0 1234 15 15 15 0.0
15 15.0 0 0.0 0.025380710659898477 0.025380710659898477 197 197.0 1.0 0.0 1234 15 15 15 0.0
15 15.0 0 3.48 0.008064516129032258 0.008064516129032258 124 124.0 0.8589951377633711 0.0 1234 15 15 15 0.0
15 15.0 171 182.52 0.006024096385542169 0.03259708138333803 166 161.46 0.0 0.0 1234 15 15 15 0.0
15 15.0 242 343.68 0.0472972972972973 0.09963379638493759 148 151.96 0.0 0.0 1234 15 15 15 0.0
15 15.0 843 816.56 0.2463768115942029 0.27753612460753696 138 138.96 0.0 0.0 1234 15 15 15 0.0
15 15.0 1183 1163.04 0.3627450980392157 0.40359909707542413 102 114.44 0.0 0.0 1234 15 15 15 0.0
15 15.0 1234 1186.42 0.2621359223300971 0.3969365556346148 103 109.2 0.0 0.0 1234 15 15 15 0.0
15 15.0 1195 1206.64 0.13333333333333333 0.42176436727479244 120 107.86 0.0 0.0 1234 15 15 15 0.0
15 15.0 1196 1210.06 0.17796610169491525 0.3868627370578167 118 107.92 0.0 0.0 1234 15 15 15 0.0
15 15.0 1199 1216.68 0.4897959183673469 0.38634589742894315 98 109.1 0.0 0.0 1234 15 15 15 0.0
15 15.0 1188 1220.34 0.3564356435643564 0.3544748286999162 101 111.04 0.0 0.0 1234 15 15 15 0.0
15 15.0 1234 1219.8 0.1981981981981982 0.32923847124111666 111 111.24 0.0 0.0 1234 15 15 15 0.0
15 15.0 1234 1222.2 0.22727272727272727 0.3157786239586336 110 109.98 0.0 0.0 1234 15 15 15 0.0
15 15.0 1217 1223.6 0.17857142857142858 0.30801844574139836 112 106.1 0.0 0.0 1234 15 15 15 0.0
15 15.0 1234 1228.48 0.13157894736842105 0.28077521554813606 152 116.02 0.0 0.0 1234 15 15 15 0.0
15 15.0 1227 1223.96 0.11214953271028037 0.27295483961784883 107 109.34 0.0 0.0 1234 15 15 15 0.0
15 15.0 1234 1226.18 0.20168067226890757 0.2468108918194528 119 112.96 0.0 0.0 1234 15 15 15 0.0
15 15.0 1230 1226.68 0.4752475247524752 0.2388755155931485 101 110.84 0.0 0.0 1234 15 15 15 0.0
15 15.0 1234 1229.84 0.2037037037037037 0.31530275352626796 108 106.6 0.0 0.0 1234 15 15 15 0.0
15 15.0 1229 1226.64 0.18095238095238095 0.23865488931308168 105 109.76 0.0 0.0 1234 15 15 15 0.0
15 15.0 1234 1228.42 0.03278688524590164 0.2569820998096195 122 110.5 0.0 0.0 1234 15 15 15 0.0
15 15.0 1221 1227.44 0.009009009009009009 0.18864623781873255 111 112.58 0.0 0.0 1234 15 15 15 0.0
15 15.0 1225 1224.94 0.075 0.17707383360450393 120 108.84 0.0 0.0 1234 15 15 15 0.0
15 15.0 1234 1230.76 0.24299065420560748 0.21501704102632097 107 110.4 0.0 0.0 1234 15 15 15 0.0
15 15.0 1233 1231.6 0.24107142857142858 0.18780828327542487 112 111.18 0.0 0.0 1234 15 15 15 0.0
15 15.0 1233 1226.24 0.028037383177570093 0.18110261882000947 107 109.26 0.0 0.0 1234 15 15 15 0.0
15 15.0 1228 1227.18 0.019417475728155338 0.14577353424929446 103 112.18 0.0 0.0 1234 15 15 15 0.0
15 15.0 1230 1230.04 0.22641509433962265 0.14724961046749788 106 111.9 0.0 0.0 1234 15 15 15 0.0
15 15.0 1232 1228.42 0.18181818181818182 0.1720978383744751 110 112.02 0.0 0.0 1234 15 15 15 0.0
15 15.0 1232 1228.14 0.008333333333333333 0.12150868855255759 120 112.72 0.0 0.0 1234 15 15 15 0.0
15 15.0 1227 1231.46 0.06611570247933884 0.17211261544979517 121 109.78 0.0 0.0 1234 15 15 15 0.0
15 15.0 1232 1229.5 0.0660377358490566 0.16240266908253775 106 112.28 0.0 0.0 1234 15 15 15 0.0
15 15.0 1233 1231.94 0.00909090909090909 0.1194002421149785 110 114.06 0.0008103727714748876 0.0 1234 15 15 15 0.0
15 15.0 1222 1228.12 0.3448275862068966 0.1341085369772831 116 113.54 0.0 0.0 1234 15 15 15 0.0
15 15.0 1232 1228.76 0.046296296296296294 0.15120016936563282 108 114.12 0.0 0.0 1234 15 15 15 0.0
15 15.0 1226 1227.62 0.0297029702970297 0.07393775019665991 101 115.28 0.0 0.0 1234 15 15 15 0.0
15 15.0 1233 1226.26 0.018867924528301886 0.09857962684286944 106 114.36 0.0 0.0 1234 15 15 15 0.0
15 15.0 1233 1228.74 0.037383177570093455 0.11860085176875847 107 115.94 0.0 0.0 1234 15 15 15 0.0
15 15.0 1225 1229.64 0.008333333333333333 0.09516676577270207 120 114.28 0.0 0.0 1234 15 15 15 0.0
15 15.0 1227 1226.86 0.008264462809917356 0.06301001343410274 121 117.8 0.0 0.0 1234 15 15 15 0.0
15 15.0 1225 1227.38 0.2549019607843137 0.09539153340924156 102 112.08 0.0 0.0 1234 15 15 15 0.0
15 15.0 1233 1228.18 0.1650485436893204 0.07452002421437358 103 112.82 0.0 0.0 1234 15 15 15 0.0
15 15.0 1233 1226.8 0.018867924528301886 0.09619797978997147 106 113.48 0.0 0.0 1234 15 15 15 0.0
15 15.0 1223 1229.02 0.08035714285714286 0.08848080368390406 112 111.92 0.0 0.0 1234 15 15 15 0.0
15 15.0 1227 1227.54 0.08571428571428572 0.07733493842706292 105 111.48 0.0 0.0 1234 15 15 15 0.0
15 15.0 1232 1228.8 0.050505050505050504 0.10799647609952372 99 116.48 0.0 0.0 1234 15 15 15 0.0
15 15.0 1227 1228.68 0.009900990099009901 0.10662865369496842 101 111.66 0.0 0.0 1234 15 15 15 0.0
15 15.0 1232 1229.48 0.6702127659574468 0.1276039228428425 94 112.06 0.0 0.0 1234 15 15 15 0.0
15 15.0 1227 1230.62 0.037383177570093455 0.1113647412323252 107 112.62 0.0 0.0 1234 15 15 15 0.0
