1.0 1.0 1.0 1.0 127
1.5119367588932806 1.0000000000000016 1.1620553359683794 0.9070294784580498 127
1.8072727272727274 1.0000000000000018 1.2648221343873518 0.8480725623582767 127
2.06901185770751 1.0000000000000244 1.300395256916996 0.8276643990929705 127
2.197628458498024 1.0000000000000044 1.849802371541502 0.5124716553287981 127
2.2845849802371543 1.0000000000000107 1.849802371541502 0.5124716553287981 127
2.3715415019762847 1.0000000000000453 1.849802371541502 0.5124716553287981 127
2.455098814229249 0.9999999999999903 1.8735177865612649 0.4988662131519274 127
2.537233201581028 1.0000000000000078 1.8814229249011858 0.4943310657596372 127
2.568379446640316 0.9999999999999964 2.41897233201581 0.18594104308390022 127
2.5849802371541504 1.0000000000000173 2.41897233201581 0.18594104308390022 127
2.6015810276679843 1.0000000000000369 2.41897233201581 0.18594104308390022 127
2.618181818181818 1.0000000000000822 2.41897233201581 0.18594104308390022 127
2.6346245059288536 0.9999999999999031 2.4229249011857705 0.18367346938775508 127
2.6509090909090913 0.99999999999998 2.4229249011857705 0.18367346938775508 127
2.6671936758893278 1.0000000000000098 2.4229249011857705 0.18367346938775508 127
2.683478260869565 1.000000000000014 2.4229249011857705 0.18367346938775508 127
2.699683794466403 1.000000000000058 2.4268774703557314 0.18140589569160995 127
2.7157312252964427 0.9999999999999942 2.4268774703557314 0.18140589569160995 127
2.730909090909091 0.9999999999998905 2.5296442687747036 0.12244897959183673 127
2.7359683794466405 1.0000000000000313 2.675889328063241 0.03854875283446712 127
2.738577075098814 0.9999999999999776 2.683794466403162 0.03401360544217687 127
2.741185770750988 1.0000000000000708 2.683794466403162 0.03401360544217687 127
2.7427667984189723 0.9999999999998871 2.739130434782609 0.0022675736961451243 127
2.742924901185771 1.0000000000001559 2.739130434782609 0.0022675736961451243 127
2.7430830039525693 1.0 2.739130434782609 0.0022675736961451243 127
2.7430830039525693 0.9999999999998153 2.7430830039525693 0.0 127
2.7430830039525693 1.0000000000001414 2.7430830039525693 0.0 127
2.7430830039525693 0.9999999999999607 2.7430830039525693 0.0 127
2.7430830039525693 1.000000000000215 2.7430830039525693 0.0 127
2.7430830039525693 1.0000000000000198 2.7430830039525693 0.0 127
2.7430830039525693 1.000000000000055 2.7430830039525693 0.0 127
2.7430830039525693 1.0000000000000275 2.7430830039525693 0.0 127
2.7430830039525693 1.0000000000000289 2.7430830039525693 0.0 127
2.7430830039525693 1.0000000000001128 2.7430830039525693 0.0 127
2.7430830039525693 1.0000000000000577 2.7430830039525693 0.0 127
2.7430830039525693 0.9999999999999896 2.7430830039525693 0.0 127
2.7430830039525693 1.0000000000002214 2.7430830039525693 0.0 127
2.7430830039525693 0.9999999999997812 2.7430830039525693 0.0 127
2.7430830039525693 1.0000000000000235 2.7430830039525693 0.0 127
2.7430830039525693 1.0000000000000615 2.7430830039525693 0.0 127
