1.0 1.0 1.0 1.0 260
1.0388557806912992 0.9999999999999983 1.0 1.0 260
1.0760905840286055 0.9999999999999968 1.0047675804529201 0.9887005649717514 260
1.118331346841478 1.0061120761757887 1.0065554231227651 0.9717514124293786 260
1.1529916567342073 1.0062830275038426 1.0101311084624554 0.9576271186440679 260
1.2030989272943982 1.020317396138703 1.0178784266984506 0.8954802259887006 260
1.2413349225268178 1.024957682163558 1.032777115613826 0.844632768361582 260
1.2393325387365912 0.9999999999999603 1.0441001191895114 0.8954802259887006 260
1.270274135876043 1.002709619147964 1.0488676996424315 0.8728813559322035 260
1.286984505363528 1.0000000000000462 1.1108462455303934 0.7372881355932204 260
1.3056019070321814 1.0000000000000335 1.1251489868891538 0.7033898305084746 260
1.3232896305125148 1.0000000000000608 1.1287246722288438 0.6949152542372882 260
1.3388319427890345 1.00000000000006 1.1895113230035756 0.5508474576271186 260
1.351227651966627 0.9999999999999408 1.1907032181168058 0.5480225988700564 260
1.3631942789034566 0.9999999999999274 1.1966626936829559 0.5338983050847458 260
1.3733015494636474 0.9999999999999568 1.2431466030989273 0.423728813559322 260
1.381311084624553 0.9999999999999827 1.2550655542312277 0.3954802259887006 260
1.389129916567342 0.9999999999999438 1.2586412395709177 0.38700564971751417 260
1.3962336114421932 1.0000000000000855 1.2765196662693683 0.3446327683615819 260
1.4016448152562575 0.9999999999999246 1.3015494636471991 0.28531073446327687 260
1.4069129916567342 1.0000000000000624 1.3230035756853398 0.23446327683615822 260
1.410870083432658 0.9999999999999629 1.32777115613826 0.22316384180790963 260
1.414016686531585 1.0000000000001152 1.3516090584028606 0.16666666666666666 260
1.4168533969010728 0.999999999999942 1.3516090584028606 0.16666666666666666 260
1.4195470798569725 1.000000000000113 1.3623361144219308 0.14124293785310735 260
1.4219308700834326 1.0 1.4213349225268177 0.0 260
1.4219308700834326 0.9999999999998872 1.4219308700834326 0.0 260
1.4219308700834326 1.0000000000000717 1.4219308700834326 0.0 260
1.4219308700834326 0.9999999999998598 1.4219308700834326 0.0 260
1.4219308700834326 1.000000000000035 1.4219308700834326 0.0 260
1.4219308700834326 0.9999999999999154 1.4219308700834326 0.0 260
1.4219308700834326 1.000000000000084 1.4219308700834326 0.0 260
1.4219308700834326 0.9999999999999665 1.4219308700834326 0.0 260
1.4219308700834326 1.0000000000000266 1.4219308700834326 0.0 260
1.4219308700834326 0.9999999999998933 1.4219308700834326 0.0 260
1.4219308700834326 0.9999999999999101 1.4219308700834326 0.0 260
1.4219308700834326 1.0000000000001692 1.4219308700834326 0.0 260
1.4219308700834326 1.0000000000001488 1.4219308700834326 0.0 260
1.4219308700834326 0.9999999999998506 1.4219308700834326 0.0 260
1.4219308700834326 0.9999999999998521 1.4219308700834326 0.0 260
1.4219308700834326 1.000000000000122 1.4219308700834326 0.0 260
