32 32.0 0 0.0 0.044444444444444446 0.044444444444444446 45 45.0 1.0 0.0 423 32 32 32 0.0
32 32.0 0 0.0 0.020833333333333332 0.02083333333333333 48 48.0 1.0 0.0 423 32 32 32 0.0
32 32.0 0 0.0 0.041666666666666664 0.04166666666666666 48 48.0 1.0 0.0 423 32 32 32 0.0
32 32.0 0 0.0 0.020833333333333332 0.02083333333333333 48 48.0 1.0 0.0 423 32 32 32 0.0
32 32.0 0 0.0 0.022222222222222223 0.022222222222222223 45 45.0 1.0 0.0 423 32 32 32 0.0
32 32.0 0 0.0 0.041666666666666664 0.04166666666666666 48 48.0 1.0 0.0 423 32 32 32 0.0
32 32.0 0 0.0 0.02127659574468085 0.02127659574468085 47 47.0 1.0 0.0 423 32 32 32 0.0
32 32.0 0 0.0 0.023809523809523808 0.023809523809523805 42 42.0 1.0 0.0 423 32 32 32 0.0
32 32.0 0 0.0 0.022727272727272728 0.022727272727272724 44 44.0 1.0 0.0 423 32 32 32 0.0
32 32.0 0 1.84 0.11363636363636363 0.11363636363636363 44 44.0 0.7825059101654847 0.0 423 32 32 32 0.0
32 32.0 0 0.0 0.07692307692307693 0.07692307692307693 39 39.0 1.0 0.0 423 32 32 32 0.0
32 32.0 0 0.0 0.08823529411764706 0.08823529411764706 34 34.0 1.0 0.0 423 32 32 32 0.0
32 32.0 0 0.0 0.14705882352941177 0.14705882352941177 34 34.0 1.0 0.0 423 32 32 32 0.0
32 32.0 0 1.4 0.03225806451612903 0.03225806451612903 31 31.0 0.83451536643026 0.0 423 32 32 32 0.0
32 32.0 0 1.32 0.043478260869565216 0.043478260869565216 23 23.0 0.8439716312056738 0.0 423 32 32 32 0.0
32 32.0 0 1.3 0.037037037037037035 0.037037037037037035 27 27.0 0.8463356973995272 0.0 423 32 32 32 0.0
32 32.0 0 2.38 0.043478260869565216 0.04244766505636071 23 23.64 0.7304964539007093 0.0 423 32 32 32 0.0
32 32.0 0 1.28 0.043478260869565216 0.043478260869565216 23 23.0 0.8486997635933806 0.0 423 32 32 32 0.0
32 32.0 0 18.98 0.045454545454545456 0.041007131278682996 22 25.64 0.026004728132387744 0.0 423 32 32 32 0.0
32 32.0 0 7.12 0.047619047619047616 0.045200120245886835 21 22.4 0.48463356973995275 0.0 423 32 32 32 0.0
32 32.0 0 37.3 0.03571428571428571 0.03620994143221156 28 27.98 0.0 0.0 423 32 32 32 0.0
32 32.0 0 42.66 0.038461538461538464 0.036196439737472254 26 27.76 0.0 0.0 423 32 32 32 0.0
32 32.0 27 45.42 0.02857142857142857 0.03945885834752087 35 27.7 0.0 0.0 423 32 32 32 0.0
32 32.0 70 48.76 0.04 0.03777672318720706 25 27.28 0.0 0.0 423 32 32 32 0.0
32 32.0 27 53.4 0.038461538461538464 0.04419224946024047 26 27.5 0.0 0.0 423 32 32 32 0.0
32 32.0 51 59.9 0.038461538461538464 0.03803703046258827 26 28.54 0.0 0.0 423 32 32 32 0.0
32 32.0 82 63.16 0.04 0.045536109672946495 25 28.3 0.0 0.0 423 32 32 32 0.0
32 32.0 96 69.38 0.037037037037037035 0.03891929652880226 27 27.94 0.0 0.0 423 32 32 32 0.0
32 32.0 52 71.28 0.037037037037037035 0.048863211326197524 27 27.96 0.0 0.0 423 32 32 32 0.0
32 32.0 86 81.72 0.03571428571428571 0.04253314625577381 28 27.94 0.0 0.0 423 32 32 32 0.0
32 32.0 67 89.78 0.04 0.04752166101454363 25 28.62 0.0 0.0 423 32 32 32 0.0
32 32.0 108 109.62 0.06451612903225806 0.05575749239225324 31 28.0 0.0 0.0 423 32 32 32 0.0
32 32.0 110 127.9 0.034482758620689655 0.06673869850878626 29 26.88 0.0 0.0 423 32 32 32 0.0
32 32.0 136 158.68 0.1111111111111111 0.06929240863542403 27 26.98 0.0 0.0 423 32 32 32 0.0
32 32.0 156 174.3 0.08 0.08038642880314181 25 26.52 0.0 0.0 423 32 32 32 0.0
32 32.0 257 220.56 0.15384615384615385 0.09991074299603944 26 26.26 0.0 0.0 423 32 32 32 0.0
32 32.0 278 230.1 0.16 0.10866299195758376 25 26.26 0.0 0.0 423 32 32 32 0.0
32 32.0 261 281.3 0.17857142857142858 0.15495936729160117 28 25.46 0.0 0.0 423 32 32 32 0.0
32 32.0 318 289.22 0.034482758620689655 0.12229200070121747 29 26.58 0.0 0.0 423 32 32 32 0.0
32 32.0 269 300.96 0.11538461538461539 0.12565617841482407 26 27.56 0.0 0.0 423 32 32 32 0.0
32 32.0 377 346.76 0.13636363636363635 0.1895102483583598 22 25.72 0.0 0.0 423 32 32 32 0.0
32 32.0 342 355.58 0.17391304347826086 0.171542973221459 23 25.38 0.0 0.0 423 32 32 32 0.0
32 32.0 389 362.88 0.125 0.14870994269975404 24 26.16 0.0 0.0 423 32 32 32 0.0
32 32.0 360 362.0 0.04 0.15964690560899392 25 25.12 0.0 0.0 423 32 32 32 0.0
32 32.0 341 357.42 0.08 0.16735489046450142 25 24.86 0.0 0.0 423 32 32 32 0.0
32 32.0 395 388.94 0.043478260869565216 0.10691523165888488 23 24.1 0.0 0.0 423 32 32 32 0.0
32 32.0 408 389.04 0.14285714285714285 0.14726562952137986 21 24.66 0.0 0.0 423 32 32 32 0.0
32 32.0 383 388.98 0.17391304347826086 0.15419328362269538 23 23.8 0.0 0.0 423 32 32 32 0.0
32 32.0 382 386.12 0.125 0.11929309852573383 24 24.54 0.0 0.0 423 32 32 32 0.0
32 32.0 383 388.52 0.038461538461538464 0.1041806792287535 26 24.36 0.0 0.0 423 32 32 32 0.0
32 32.0 409 406.84 0.045454545454545456 0.11449210779225771 22 23.08 0.0 0.0 423 32 32 32 0.0
