9 9.0 0 0.0 0.13385826771653545 0.13385826771653545 127 127.0 1.0 0.0 565 9 9 9 0.0
9 9.0 0 0.0 0.07042253521126761 0.0704225352112676 142 142.0 1.0 0.0 565 9 9 9 0.0
9 9.0 0 0.0 0.06293706293706294 0.06293706293706296 143 143.0 1.0 0.0 565 9 9 9 0.0
9 9.0 0 2.86 0.010526315789473684 0.010526315789473686 95 95.0 0.7469026548672566 0.0 565 9 9 9 0.0
9 9.0 0 2.84 0.01098901098901099 0.01098901098901099 91 91.0 0.7486725663716813 0.0 565 9 9 9 0.0
9 9.0 129 71.08 0.008064516129032258 0.03106009504920515 124 115.18 0.0 0.0 565 9 9 9 0.0
9 9.0 0 108.78 0.009708737864077669 0.06128225673729503 103 118.62 0.0 0.0 565 9 9 9 0.0
9 9.0 114 237.88 0.01 0.12984654426137207 100 114.14 0.0 0.0 565 9 9 9 0.0
9 9.0 419 359.74 0.1875 0.19783930023922347 128 112.84 0.0 0.0 565 9 9 9 0.0
9 9.0 452 416.84 0.16101694915254236 0.17575940383985778 118 145.36 0.0 0.0 565 9 9 9 0.0
9 9.0 467 460.0 0.04878048780487805 0.18495161971417443 328 146.22 0.0 0.0 565 9 9 9 0.0
9 9.0 494 472.86 0.16551724137931034 0.1266027199831041 145 149.56 0.0 0.0 565 9 9 9 0.0
9 9.0 498 489.96 0.06722689075630252 0.15029458582848945 119 135.88 0.0 0.0 565 9 9 9 0.0
9 9.0 535 491.72 0.045307443365695796 0.12171876208993371 309 154.94 0.0 0.0 565 9 9 9 0.0
9 9.0 468 504.7 0.10869565217391304 0.1418138342348515 138 125.48 0.0 0.0 565 9 9 9 0.0
9 9.0 461 491.76 0.02127659574468085 0.09701837530476244 376 173.32 0.0 0.0 565 9 9 9 0.0
9 9.0 462 510.7 0.15730337078651685 0.1459159298771204 89 192.24 0.0 0.0 565 9 9 9 0.0
9 9.0 486 511.36 0.07207207207207207 0.07543199153802327 111 177.4 0.0 0.0 565 9 9 9 0.0
9 9.0 479 508.0 0.1 0.09693534913121762 110 153.1 0.0 0.0 565 9 9 9 0.0
9 9.0 486 515.64 0.1262135922330097 0.1154860929867667 103 169.94 0.0 0.0 565 9 9 9 0.0
9 9.0 513 526.64 0.25225225225225223 0.13975876927948971 111 153.58 0.0 0.0 565 9 9 9 0.0
9 9.0 527 530.22 0.20967741935483872 0.15256924046505316 124 131.62 0.0 0.0 565 9 9 9 0.0
9 9.0 544 527.52 0.25925925925925924 0.12295700555046299 108 164.06 0.0 0.0 565 9 9 9 0.0
9 9.0 538 526.9 0.08928571428571429 0.13159765146803162 112 150.92 0.0 0.0 565 9 9 9 0.0
9 9.0 539 520.2 0.05042016806722689 0.09150122805839478 119 169.76 0.0 0.0 565 9 9 9 0.0
9 9.0 532 532.98 0.24817518248175183 0.1877184217220333 137 150.58 0.0 0.0 565 9 9 9 0.0
9 9.0 540 524.96 0.01 0.07971523279813351 100 211.7 0.0 0.0 565 9 9 9 0.0
9 9.0 535 524.86 0.5512820512820513 0.1713601540992891 78 178.24 0.0 0.0 565 9 9 9 0.0
9 9.0 525 523.04 0.07207207207207207 0.1007053404330502 111 162.2 0.0 0.0 565 9 9 9 0.0
9 9.0 539 522.98 0.22950819672131148 0.0791745227266429 122 186.02 0.0 0.0 565 9 9 9 0.0
9 9.0 498 529.92 0.16521739130434782 0.09420382093616159 115 144.6 0.0 0.0 565 9 9 9 0.0
9 9.0 527 526.44 0.12931034482758622 0.09133807686895129 116 173.84 0.0 0.0 565 9 9 9 0.0
9 9.0 532 523.4 0.4020618556701031 0.07809730748294653 97 181.5 0.0 0.0 565 9 9 9 0.0
9 9.0 531 525.26 0.03125 0.06037227784250972 96 183.2 0.0 0.0 565 9 9 9 0.0
9 9.0 547 530.36 0.27956989247311825 0.07113075033877024 93 187.58 0.0 0.0 565 9 9 9 0.0
9 9.0 548 524.72 0.07766990291262135 0.03473981308942069 103 194.18 0.0 0.0 565 9 9 9 0.0
9 9.0 542 532.98 0.017094017094017096 0.07546557175182932 117 197.36 0.0 0.0 565 9 9 9 0.0
9 9.0 538 528.8 0.043859649122807015 0.0496021430334061 114 199.4 0.0 0.0 565 9 9 9 0.0
9 9.0 539 526.48 0.08 0.0357757064074272 100 204.12 0.0 0.0 565 9 9 9 0.0
9 9.0 527 537.04 0.08333333333333333 0.0627915819811396 96 186.28 0.0 0.0 565 9 9 9 0.0
9 9.0 538 531.82 0.08080808080808081 0.053905681905188164 99 193.6 0.0 0.0 565 9 9 9 0.0
9 9.0 534 527.74 0.03361344537815126 0.045099035687234786 119 202.04 0.0 0.0 565 9 9 9 0.0
9 9.0 537 524.68 0.030612244897959183 0.03687644641939891 98 201.8 0.0 0.0 565 9 9 9 0.0
9 9.0 529 529.78 0.03225806451612903 0.04013944784219342 124 205.72 0.0 0.0 565 9 9 9 0.0
9 9.0 548 538.18 0.3695652173913043 0.11160548968555274 92 162.42 0.0 0.0 565 9 9 9 0.0
9 9.0 528 529.4 0.10204081632653061 0.05027290675219442 98 203.1 0.0 0.0 565 9 9 9 0.0
9 9.0 546 536.92 0.44086021505376344 0.18578992025559585 93 148.2 0.0 0.0 565 9 9 9 0.0
9 9.0 517 535.22 0.175 0.10661772057044004 80 165.76 0.0 0.0 565 9 9 9 0.0
9 9.0 547 531.06 0.057692307692307696 0.08871772119674119 104 162.56 0.0 0.0 565 9 9 9 0.0
9 9.0 531 536.9 0.08571428571428572 0.0686154590889467 105 183.42 0.0 0.0 565 9 9 9 0.0
9 9.0 535 534.66 0.27956989247311825 0.09487791143493172 93 142.82 0.0 0.0 565 9 9 9 0.0
