1.1371951219512195 1.1371951219512195 1.0 0.8351648351648352 59
1.430670731707317 1.261926531490348 1.0092449922958397 0.6300366300366301 59
1.526219512195122 1.2129288621825975 1.0184899845916795 0.6593406593406594 59
1.3385365853658537 0.9999999999999929 1.1802773497688752 0.7985347985347986 59
1.3942682926829268 1.0000000000000058 1.1864406779661016 0.7912087912087913 59
1.4426829268292682 0.999999999999999 1.2172573189522342 0.7545787545787546 59
1.4903658536585367 0.9999999999999869 1.2172573189522342 0.7545787545787546 59
1.5296341463414636 1.0000000000000207 1.3528505392912173 0.5934065934065934 59
1.556951219512195 1.0000000000000104 1.3528505392912173 0.5934065934065934 59
1.5842682926829268 0.9999999999999984 1.3528505392912173 0.5934065934065934 59
1.6115853658536585 0.9999999999999983 1.3528505392912173 0.5934065934065934 59
1.63890243902439 0.99999999999999 1.3528505392912173 0.5934065934065934 59
1.666219512195122 0.9999999999999769 1.3528505392912173 0.5934065934065934 59
1.693292682926829 1.0000000000000222 1.3590138674884438 0.5860805860805861 59
1.7201219512195123 1.0000000000000369 1.3590138674884438 0.5860805860805861 59
1.7469512195121952 0.9999999999999992 1.3590138674884438 0.5860805860805861 59
1.773780487804878 1.0000000000000184 1.3590138674884438 0.5860805860805861 59
1.7908536585365853 1.0000000000000135 1.5901386748844375 0.3113553113553114 59
1.803658536585366 0.9999999999999974 1.5901386748844375 0.3113553113553114 59
1.8164634146341463 0.9999999999999916 1.5901386748844375 0.3113553113553114 59
1.8274390243902439 0.9999999999999968 1.7411402157164868 0.13186813186813187 59
1.8323170731707317 1.000000000000006 1.852080123266564 0.0 59
1.8323170731707317 0.9999999999999815 1.852080123266564 0.0 59
1.8323170731707317 1.0000000000000069 1.852080123266564 0.0 59
1.8323170731707317 0.9999999999999584 1.852080123266564 0.0 59
1.8323170731707317 1.0 1.852080123266564 0.0 59
1.8323170731707317 1.0000000000000404 1.852080123266564 0.0 59
1.8323170731707317 1.0000000000000375 1.852080123266564 0.0 59
1.8323170731707317 1.0000000000000693 1.852080123266564 0.0 59
1.8323170731707317 0.999999999999969 1.852080123266564 0.0 59
1.8323170731707317 0.9999999999999978 1.852080123266564 0.0 59
1.8323170731707317 1.0000000000000167 1.852080123266564 0.0 59
1.8323170731707317 1.000000000000034 1.852080123266564 0.0 59
1.8323170731707317 0.9999999999999925 1.852080123266564 0.0 59
1.8323170731707317 1.0000000000000258 1.852080123266564 0.0 59
1.8323170731707317 0.9999999999999978 1.852080123266564 0.0 59
1.8323170731707317 0.9999999999999962 1.852080123266564 0.0 59
1.8323170731707317 1.0000000000000144 1.852080123266564 0.0 59
1.8323170731707317 0.9999999999999833 1.852080123266564 0.0 59
1.8323170731707317 1.0000000000000075 1.852080123266564 0.0 59
1.8323170731707317 0.9999999999999939 1.852080123266564 0.0 59
