7 7.0 0 0.0 0.01126126126126126 0.011261261261261262 444 444.0 1.0 0.0 1106 7 7 7 0.0
7 7.0 0 8.24 0.003952569169960474 0.003952569169960474 253 253.0 0.6274864376130198 0.0 1106 7 7 7 0.0
7 7.0 0 149.42 0.003472222222222222 0.028498798308436855 288 305.6 0.0 0.0 1106 7 7 7 0.0
7 7.0 353 569.8 0.11895910780669144 0.15978218704112226 269 307.1 0.0 0.0 1106 7 7 7 0.0
7 7.0 1071 816.14 0.0009267840593141798 0.1515356548085803 1079 415.16 0.0 0.0 1106 7 7 7 0.0
7 7.0 1019 845.0 0.008629989212513484 0.12420038085476649 927 450.3 0.0 0.0 1106 7 7 7 0.0
7 7.0 165 870.1 0.0009940357852882703 0.08898389675519919 1006 553.44 0.0 0.0 1106 7 7 7 0.0
7 7.0 733 909.24 0.05519480519480519 0.08827902848919093 308 506.24 0.0 0.0 1106 7 7 7 0.0
7 7.0 959 953.26 0.36607142857142855 0.0912318238842348 224 505.08 0.0 0.0 1106 7 7 7 0.0
7 7.0 748 970.0 0.013422818791946308 0.11510744821835966 447 481.54 0.0 0.0 1106 7 7 7 0.0
7 7.0 757 951.9 0.06824925816023739 0.0564138398412494 337 507.38 0.0 0.0 1106 7 7 7 0.0
7 7.0 962 956.56 0.11594202898550725 0.03793180019865652 345 529.02 0.0 0.0 1106 7 7 7 0.0
7 7.0 921 987.82 0.051094890510948905 0.07632595538527072 411 517.24 0.0 0.0 1106 7 7 7 0.0
7 7.0 962 991.96 0.061224489795918366 0.10251931644182008 343 425.92 0.0 0.0 1106 7 7 7 0.0
7 7.0 800 925.8 0.04314720812182741 0.030235040950454227 394 500.7 0.0 0.0 1106 7 7 7 0.0
7 7.0 929 955.96 0.02564102564102564 0.02534265910546022 429 587.04 0.0 0.0 1106 7 7 7 0.0
7 7.0 906 947.9 0.034013605442176874 0.026805912694660296 441 605.54 0.0 0.0 1106 7 7 7 0.0
7 7.0 823 966.54 0.030732860520094562 0.05925055693432307 423 502.5 0.0 0.0 1106 7 7 7 0.0
7 7.0 936 890.94 0.022727272727272728 0.02902151233493994 396 517.96 0.0 0.0 1106 7 7 7 0.0
7 7.0 1068 996.5 0.3908450704225352 0.1830281786375381 284 415.68 0.0 0.0 1106 7 7 7 0.0
7 7.0 925 978.98 0.033444816053511704 0.07805463672359157 299 449.52 0.0 0.0 1106 7 7 7 0.0
7 7.0 875 971.02 0.015552099533437015 0.06512348192231672 643 467.54 0.0 0.0 1106 7 7 7 0.0
7 7.0 982 992.04 0.05384615384615385 0.05826800495015335 390 448.38 0.0 0.0 1106 7 7 7 0.0
7 7.0 969 979.3 0.3257918552036199 0.1340493339694559 221 366.72 0.0 0.0 1106 7 7 7 0.0
7 7.0 900 917.44 0.027422303473491772 0.036103908231825556 547 451.12 0.0 0.0 1106 7 7 7 0.0
7 7.0 971 972.46 0.013157894736842105 0.05840433784961986 304 442.18 0.0 0.0 1106 7 7 7 0.0
7 7.0 1033 992.82 0.11849710982658959 0.12572049072792305 346 394.0 0.0 0.0 1106 7 7 7 0.0
7 7.0 1024 987.82 0.06708595387840671 0.05741043175261409 477 491.48 0.0 0.0 1106 7 7 7 0.0
7 7.0 858 959.94 0.01440329218106996 0.02812109793160511 486 493.04 0.0 0.0 1106 7 7 7 0.0
7 7.0 950 1002.96 0.008676789587852495 0.06000779170936671 461 448.64 0.0 0.0 1106 7 7 7 0.0
7 7.0 1003 983.24 0.015655577299412915 0.06429264771833035 511 428.68 0.0 0.0 1106 7 7 7 0.0
7 7.0 949 967.38 0.008791208791208791 0.0247426560252043 455 475.72 0.0 0.0 1106 7 7 7 0.0
7 7.0 924 984.82 0.012259194395796848 0.015202091964295084 571 549.28 0.0 0.0 1106 7 7 7 0.0
7 7.0 930 926.3 0.009685230024213076 0.024910065152932304 413 487.64 0.0 0.0 1106 7 7 7 0.0
7 7.0 848 933.58 0.005449591280653951 0.02354005345269869 367 563.5 0.0 0.0 1106 7 7 7 0.0
7 7.0 879 969.2 0.12146892655367232 0.0886012619952226 354 431.72 0.0 0.0 1106 7 7 7 0.0
7 7.0 781 935.3 0.001455604075691412 0.017888800515630635 687 558.36 0.0 0.0 1106 7 7 7 0.0
7 7.0 953 976.26 0.006825938566552901 0.028109757147407995 586 551.02 0.0 0.0 1106 7 7 7 0.0
7 7.0 1040 977.06 0.06653225806451613 0.10852505540816548 496 402.64 0.0 0.0 1106 7 7 7 0.0
7 7.0 1068 969.78 0.023289665211062592 0.1089078171910188 687 383.66 0.0 0.0 1106 7 7 7 0.0
7 7.0 1019 993.74 0.04159733777038269 0.10298837675432598 601 390.66 0.0 0.0 1106 7 7 7 0.0
7 7.0 900 960.66 0.10344827586206896 0.12130237522796161 319 382.74 0.0 0.0 1106 7 7 7 0.0
7 7.0 932 948.18 0.04357298474945534 0.11670070758387903 459 403.34 0.0 0.0 1106 7 7 7 0.0
7 7.0 965 995.46 0.1 0.12004428919346231 410 366.18 0.0 0.0 1106 7 7 7 0.0
7 7.0 940 982.08 0.07111111111111111 0.08586664301883723 450 432.84 0.0 0.0 1106 7 7 7 0.0
7 7.0 1047 1006.1 0.4056603773584906 0.09695270061542488 212 400.34 0.0 0.0 1106 7 7 7 0.0
7 7.0 1061 1004.94 0.10479041916167664 0.0555223661132516 334 469.84 0.0 0.0 1106 7 7 7 0.0
7 7.0 1076 982.64 0.40969162995594716 0.11204722610205282 227 418.76 0.0 0.0 1106 7 7 7 0.0
7 7.0 963 959.64 0.06825938566552901 0.13011287627969387 293 395.54 0.0 0.0 1106 7 7 7 0.0
7 7.0 1031 977.52 0.00505902192242833 0.030717017771451634 593 497.88 0.0 0.0 1106 7 7 7 0.0
7 7.0 1047 946.58 0.017738359201773836 0.038233425103482065 451 484.58 0.0 0.0 1106 7 7 7 0.0
