1.0494071146245059 1.0494071146245059 1.0 0.8046875 375
1.0744071146245058 1.0465071512444888 1.0029271108179376 0.796875 375
1.05197628458498 1.0034308550746474 1.0084432717678036 0.94921875 375
1.0686758893280632 1.000869919301099 1.0141820580474892 0.9453125000000001 375
1.0856521739130436 0.9999999999999964 1.0240765171503914 0.91015625 375
1.1019762845849803 1.0008076819527898 1.026055408970972 0.8984375000000001 375
1.1158498023715415 0.9999999999999919 1.0339709762532938 0.87109375 375
1.1297233201581027 0.9999999999999881 1.0339709762532938 0.87109375 375
1.1434782608695653 0.9999999999999936 1.034960422163584 0.8671875 375
1.1566600790513835 1.000000000000002 1.0418865435356157 0.83984375 375
1.1695652173913043 0.9999999999999892 1.0446075197889138 0.828125 375
1.181304347826087 0.9999999999999871 1.055738786279679 0.7851562500000001 375
1.1920553359683794 1.000630391506289 1.0765171503957738 0.6992187500000001 375
1.2012450592885375 1.00060909360285 1.0883905013192565 0.6523437500000001 375
1.2099604743083003 1.0005883506569695 1.0883905013192565 0.6523437500000001 375
1.2179841897233201 0.999999999999979 1.0883905013192565 0.6562500000000001 375
1.2266798418972333 1.000548068863228 1.1180738786279636 0.53515625 375
1.2327272727272727 1.000529329676131 1.1398416886543488 0.44921875000000006 375
1.2379446640316205 1.000287438919233 1.1398416886543488 0.453125 375
1.2427667984189723 1.0007957475251859 1.1734828496042167 0.31640625000000006 375
1.2454545454545456 0.9999999999999798 1.1827176781002589 0.2734375 375
1.2491699604743083 1.000918448139335 1.2081134564643747 0.17578125 375
1.2498418972332015 0.9999999999999754 1.2140501319261163 0.16015625 375
1.2521936758893282 1.000852986241652 1.225923482849599 0.10546875 375
1.252687747035573 1.0004103535353257 1.2348284960422111 0.07421875 375
1.2539525691699605 1.000788643533123 1.2526385224274352 0.0 375
1.2529644268774704 0.9999999999999588 1.2546174142480158 0.0 375
1.2529644268774704 1.0000000000000036 1.2546174142480158 0.0 375
1.2529644268774704 0.9999999999999569 1.2546174142480158 0.0 375
1.2529644268774704 1.0000000000000053 1.2546174142480158 0.0 375
1.2529644268774704 0.9999999999999601 1.2546174142480158 0.0 375
1.2529644268774704 1.0000000000000506 1.2546174142480158 0.0 375
1.2529644268774704 0.9999999999999749 1.2546174142480158 0.0 375
1.2529644268774704 1.0000000000000495 1.2546174142480158 0.0 375
1.2529644268774704 0.9999999999999691 1.2546174142480158 0.0 375
1.2529644268774704 1.000000000000046 1.2546174142480158 0.0 375
1.2529644268774704 1.000000000000008 1.2546174142480158 0.0 375
1.2529644268774704 1.0000000000000788 1.2546174142480158 0.0 375
1.2529644268774704 0.9999999999999211 1.2546174142480158 0.0 375
1.2529644268774704 0.9999999999999957 1.2546174142480158 0.0 375
1.2529644268774704 0.9999999999999598 1.2546174142480158 0.0 375
